Comparison of UNet and Restomer Results
=====================================

UNet Directory: /media/jagadeesh/New Volume/Jagadeesh/SuperResolution/fidBug/unet_17_44/Restomer_results
Restomer Directory: /media/jagadeesh/New Volume/Jagadeesh/SuperResolution/fidBug/Restomer_results_22/Restomer_results

File    UNet Results                 Restomer Results                
               Shape Max Raw Max Val            Shape Max Raw Max Val
   1 (1024, 1024, 4)    3564 16383.0  (1024, 1024, 4)   65535 16383.0
   2 (1024, 1024, 4)    3545 16383.0  (1024, 1024, 4)   65535 16383.0
   3 (1024, 1024, 4)    3577 16383.0  (1024, 1024, 4)   65535 16383.0
   4 (1024, 1024, 4)     885  4095.0  (1024, 1024, 4)   65535  4095.0
   5 (1024, 1024, 4)     886  4095.0  (1024, 1024, 4)   65535  4095.0
   6 (1024, 1024, 4)    3552 16383.0  (1024, 1024, 4)   65535 16383.0
   7 (1024, 1024, 4)     886  4095.0  (1024, 1024, 4)   65535  4095.0
   8 (1024, 1024, 4)     885  4095.0  (1024, 1024, 4)   65535  4095.0
   9 (1024, 1024, 4)     885  4095.0  (1024, 1024, 4)   65535  4095.0
  10 (1024, 1024, 4)    3546 16383.0  (1024, 1024, 4)   65535 16383.0
  11 (1024, 1024, 4)     886  4095.0  (1024, 1024, 4)   65535  4095.0
  12 (1024, 1024, 4)    3542 16383.0  (1024, 1024, 4)   65535 16383.0
  13 (1024, 1024, 4)     892  4095.0  (1024, 1024, 4)   65535  4095.0
  14 (1024, 1024, 4)     886  4095.0  (1024, 1024, 4)   65535  4095.0
  15 (1024, 1024, 4)     885  4095.0  (1024, 1024, 4)   65535  4095.0
  16 (1024, 1024, 4)     885  4095.0  (1024, 1024, 4)   65535  4095.0
  17 (1024, 1024, 4)    3559 16383.0  (1024, 1024, 4)   65535 16383.0
  18 (1024, 1024, 4)    3545 16383.0  (1024, 1024, 4)   65535 16383.0
  19 (1024, 1024, 4)     885  4095.0  (1024, 1024, 4)   65535  4095.0
  20 (1024, 1024, 4)    3544 16383.0  (1024, 1024, 4)   65535 16383.0
  21 (1024, 1024, 4)    3545 16383.0  (1024, 1024, 4)   65535 16383.0
  22 (1024, 1024, 4)     885  4095.0  (1024, 1024, 4)   65535  4095.0
  23 (1024, 1024, 4)     886  4095.0  (1024, 1024, 4)   65535  4095.0
  24 (1024, 1024, 4)    3576 16383.0  (1024, 1024, 4)   65535 16383.0
  25 (1024, 1024, 4)     886  4095.0  (1024, 1024, 4)   65535  4095.0
  26 (1024, 1024, 4)     888  4095.0  (1024, 1024, 4)   65535  4095.0
  27 (1024, 1024, 4)     886  4095.0  (1024, 1024, 4)   65535  4095.0
  28 (1024, 1024, 4)     886  4095.0  (1024, 1024, 4)   65535  4095.0
  29 (1024, 1024, 4)    3545 16383.0  (1024, 1024, 4)   65535 16383.0
  30 (1024, 1024, 4)    3543 16383.0  (1024, 1024, 4)   65535 16383.0
  31 (1024, 1024, 4)     888  4095.0  (1024, 1024, 4)   65535  4095.0
  32 (1024, 1024, 4)     886  4095.0  (1024, 1024, 4)   65535  4095.0
  33 (1024, 1024, 4)    3545 16383.0  (1024, 1024, 4)   65535 16383.0
  34 (1024, 1024, 4)     886  4095.0  (1024, 1024, 4)   65535  4095.0
  35 (1024, 1024, 4)    3546 16383.0  (1024, 1024, 4)   65535 16383.0
  36 (1024, 1024, 4)     887  4095.0  (1024, 1024, 4)   65535  4095.0
  37 (1024, 1024, 4)    3551 16383.0  (1024, 1024, 4)   65535 16383.0
  38 (1024, 1024, 4)    3570 16383.0  (1024, 1024, 4)   65535 16383.0
  39 (1024, 1024, 4)     885  4095.0  (1024, 1024, 4)   65535  4095.0
  40 (1024, 1024, 4)    3552 16383.0  (1024, 1024, 4)   65535 16383.0

Raw Value Ratio Analysis (UNet/Restomer):
=================================
File 1: 0.0544
File 2: 0.0541
File 3: 0.0546
File 4: 0.0135
File 5: 0.0135
File 6: 0.0542
File 7: 0.0135
File 8: 0.0135
File 9: 0.0135
File 10: 0.0541
File 11: 0.0135
File 12: 0.0540
File 13: 0.0136
File 14: 0.0135
File 15: 0.0135
File 16: 0.0135
File 17: 0.0543
File 18: 0.0541
File 19: 0.0135
File 20: 0.0541
File 21: 0.0541
File 22: 0.0135
File 23: 0.0135
File 24: 0.0546
File 25: 0.0135
File 26: 0.0136
File 27: 0.0135
File 28: 0.0135
File 29: 0.0541
File 30: 0.0541
File 31: 0.0136
File 32: 0.0135
File 33: 0.0541
File 34: 0.0135
File 35: 0.0541
File 36: 0.0135
File 37: 0.0542
File 38: 0.0545
File 39: 0.0135
File 40: 0.0542
